1161
4001
2074
277
4254
1146
294
977
4355
1761
3018
1168
3517
2314
3324
3545
4619
1369
4799
904
4163
2585
5022
4868
1314
4085
3915
1726
2357
4829
5321
5212
4797
5031
4430
4614
1397
1244
833
149
3647
2348
4950
184
887
920
1487
2926
3634
4982
5155
672
1908
2108
2035
2231
264
3299
2504
5367
1411
5596
3030
209
5622
2250
2395
4730
1500
2291
1084
1267
1109
3547
2749
3454
5843
2882
3437
3322
3966
809
3170
3028
2875
3254
3975
3029
5849
5536
51
5679
4465
3154
1969
2713
1362
1514
2152
5238
112
5084
168
2322
4786
4589
5219
2602
4834
4256
1245
1354
3758
4235
1157
3537
5113
3326
4608
5950
1115
2483
853
4591
4435
5733
2258
3899
53
4061
5377
2177
5414
5470
3700
2552
4839
2841
1212
4263
3145
4448
5285
3848
3994
5676
3591
5655
2765
515
5466
2709
356
5455
2710
529
3320
59
948
4647
281
3348
1629
2782
4180
4615
5109
451
3575
2732
4687
1276
1283
4047
5611
1530
4033
805
5671
1529
2554
3749
4746
49
2691
3054
801
5252
1367
424
5755
0
4568
2034
1269
176
5353
512
1286
1462
2409
4703
2384
766
1348
3785
2482
1054
5481
5194
2455
532
5277
5322
5391
380
1866
5408
3346
2681
5079
930
2626
2526
5941
5993
419
3714
1480
1059
1970
4176
73
3173
2604
2880
1252
4394
1894
2598
1864
1461
4603
1181
5821
488
1124
1257
1541
388
3065
3919
4872
2211
1290
2510
2995
5790
455
815
1086
2920
2638
3130
5850
1279
1429
2777
2222
352
4419
3719
3389
3873
2082
1203
1405
5174
1699
1705
2913
1274
2207
163
2047
4881
3280
3360
3688
5688
408
4238
4118
5102
641
4731
1343
4480
888
1557
1085
3927
531
3008
2447
5905
2767
1671
2109
1148
3166
266
3763
5838
3736
360
1460
3421
952
2160
5887
1574
5317
3337
1842
2208
2979
3436
4984
754
1378
980
2100
286
3533
3088
1154
1511
4231
3261
4798
2191
211
5234
3164
274
88
2798
2324
298
4663
3674
5453
3776
4999
315
5348
2151
3288
3117
5567
2020
5191
2974
1275
2413
528
4404
1505
3598
3681
1318
3380
3034
2380
4311
2616
1166
4725
3471
5469
5614
5207
2871
1222
5107
4255
1982
5111
4020
371
3482
2131
3418
3424
1538
5807
2744
1553
4335
2817
5496
618
2381
4391
4526
4375
3524
2629
4123
5359
2766
3895
1656
969
1843
3024
3151
3386
5338
1211
5154
1428
5534
426
4094
4271
1923
4689
3395
5660
404
491
5483
3494
824
2542
3673
2790
4970
3515
5237
5820
1788
2187
2145
4505
3246
1841
1209
974
474
3311
215
656
4596
3235
2519
1583
4634
5268
1130
3038
2063
4592
4407
131
4347
3566
1341
2184
5143
4743
594
5440
810
247
4374
29
1119
3363
4842
2792
4243
4755
5140
1974
4666
633
46
5365
4745
5156
868
1320
5282
1543
4129
3559
4217
2503
3567
4693
3058
860
4105
2138
1984
4885
2310
2759
2531
848
1243
4713
4174
4270
3045
1180
3460
4330
2371
2
5840
5959
1755
4011
1048
1418
4491
5665
862
3863
5228
5753
2551
5930
2431
3797
310
1618
1092
1940
3825
1229
4855
5663
1733
5977
4759
3750
3063
2622
1393
4838
4562
4349
2834
2405
3009
4122
762
3890
5262
966
3314
3441
682
4959
2546
991
914
4981
5020
185
922
5235
4170
3556
5727
1619
1830
2484
3148
740
5648
971
2564
4915
3962
1116
156
2467
3860
831
835
2825
502
989
3937
923
2044
1980
249
3911
2683
1346
5472
5124
3653
355
744
844
723
1976
2955
4340
2214
5801
3648
3870
4488
3292
5805
1258
2988
85
746
1867
1315
3898
5008
962
4650
265
2428
4116
3086
3139
2069
4202
4533
1800
2235
3543
3062
2212
5837
4266
5643
1985
1371
2122
3907
5749
2057
5747
3947
2058
3711
2904
4922
3838
5369
5940
284
95
5719
2664
3955
3442
5093
5891
2649
2280
2521
3613
1284
4022
2003
2153
3764
2239
3932
5130
4151
4578
43
3956
4416
2802
3089
5467
5776
4333
1809
1003
3859
2393
1076
5229
3855
3412
5112
300
2898
2507
942
5200
2370
1259
5669
2522
3156
4559
4101
841
1868
326
2436
3208
5559
1464
4988
3131
2061
4790
4483
2571
3103
3333
603
4938
4418
865
1890
4042
5501
5685
3367
1280
830
3149
3799
1904
4551
4403
2050
1302
328
4849
1704
2493
5937
4025
479
3629
1175
5478
2957
4010
117
2862
879
1029
466
5181
3083
1901
1975
776
4664
1786
5356
5938
84
1665
3487
2789
4851
2143
2199
511
3209
731
2220
5263
4626
5294
4861
2783
2002
5823
3666
5457
4470
1633
5361
2757
2859
1184
3122
3184
2055
4334
4083
127
4450
164
5678
1510
3199
1319
2540
472
1997
18
3952
2956
2042
5158
2137
1025
97
5370
3114
5119
2835
3161
449
550
4372
3744
178
4529
3654
1340
5826
3548
3520
1591
1516
741
4963
1769
5546
483
5842
2810
2021
5934
1910
2485
780
4644
77
4878
1889
5103
5912
5523
673
2203
4782
4971
458
2865
752
121
3637
699
2924
5303
1492
5919
1948
2086
3365
31
2154
2758
69
1449
5215
5804
3175
3627
3877
5286
3959
5690
3221
3146
1531
4501
2432
4361
3574
3182
1912
504
339
4910
3580
5610
798
5026
4840
5074
5618
5762
61
1775
2845
5918
2460
4237
1567
4289
4742
4456
2848
1689
4153
2986
2419
4454
5661
1568
3965
2339
2094
5019
2041
4373
2200
2272
381
3864
2412
3912
1390
5120
5399
3914
1952
4162
5151
2915
2342
4209
245
1439
1022
3233
5076
411
2261
1062
4212
5882
5681
4343
3561
665
5917
5574
4188
5927
114
3989
2302
2477
3250
118
1981
2180
162
263
4342
775
4871
4648
5209
5435
4676
4940
4473
651
3723
5444
1170
5515
3011
5939
3874
5932
1368
897
928
4772
14
2548
967
1106
5494
4336
3968
1254
2648
2923
4780
4264
5942
1639
1133
5599
3519
1878
271
1473
5349
1547
4310
5697
4440
838
2195
1835
4891
412
1712
4438
5043
2795
2221
377
1491
738
3377
3615
5514
52
4114
5405
2269
5094
3094
1389
3188
3478
3433
4191
2309
3222
2590
1632
4275
3174
4812
2976
4280
467
5721
903
5694
71
3217
1898
5052
3995
1207
2077
1590
2844
5159
2205
2980
658
63
1838
4000
5172
3036
454
5479
402
5085
1472
677
3356
1616
1251
1983
3425
4918
5059
3843
4931
1033
174
939
3102
4787
2587
334
873
2853
1486
4293
296
5824
5740
3845
4218
3760
378
3110
2770
3918
4138
2210
2172
2599
2052
915
5951
5736
4707
2335
3820
956
1887
5991
3717
4027
1182
5983
5004
4602
4452
1423
5972
2400
2892
5250
3596
1722
1667
2884
2994
4763
886
4056
5380
5792
333
153
5516
721
373
312
1849
1622
42
2693
5067
4618
417
4858
4753
5875
5584
704
732
5724
944
5794
3614
1806
1018
5565
907
1693
2791
4368
519
814
818
3449
4830
1522
1638
5900
3557
5638
1700
3526
5217
3734
3046
1883
2592
379
3775
4003
2251
4439
2148
3726
2144
2566
1803
5814
5357
3621
5520
3967
1594
4328
4890
1706
5894
3790
1820
2562
2559
4208
5095
1582
2547
319
4321
5138
5288
3364
5545
1763
2843
4944
4717
5664
2141
213
4866
4433
3497
803
5278
5264
4132
105
4458
4946
3805
2806
4952
1465
2953
565
5980
4345
2524
1474
3236
2829
2502
317
1200
5203
2278
652
70
2658
1174
1088
5958
410
4064
5874
2386
5121
2091
4635
601
5428
3013
4792
5530
2219
2465
837
3325
624
1627
806
4978
5580
3115
637
423
4823
1996
4472
4620
2486
150
3109
1580
626
3002
4601
3796
3481
143
4813
2574
4662
4014
1880
5251
3452
3605
3342
5527
5748
2171
4975
5171
2780
4720
2832
5974
5462
2230
617
1324
690
5800
2288
3302
1350
2729
4561
1187
1191
145
3572
4420
3742
1762
3800
4802
4810
1834
5876
1111
2127
4997
4783
5726
2277
3795
2499
1824
2788
4196
4386
3827
2492
878
1455
391
4182
2283
2714
5371
5619
2958
475
1694
1295
2092
3050
1137
2072
5331
832
591
4658
5716
3592
5731
109
5256
4318
1052
1311
668
253
5168
5715
5588
2690
4641
5045
5667
843
4159
4509
3374
3394
884
4547
5354
3996
4752
1879
5677
5582
1485
5423
2417
2737
2267
4173
3368
2808
869
2468
3893
450
5115
5656
1979
696
1741
3718
811
3284
2189
5006
5617
5145
505
3303
405
3640
183
5881
1876
5813
609
2674
2033
3981
1968
20
2218
5521
5686
2224
327
3270
2518
1874
4362
1756
2178
4961
5944
3410
5878
489
606
3212
2464
1738
152
889
5935
3082
269
96
3824
5060
3885
1799
4967
1572
4628
1067
5195
2760
715
4059
5708
5634
5955
4565
4660
1798
461
5373
2944
1795
1869
5489
1345
4791
5271
5848
5024
1214
1372
243
4039
2799
1679
3850
1312
648
3238
2643
4409
155
3428
3453
1303
1150
3047
5897
1046
1640
1306
1927
5591
3439
4121
2244
3136
15
3538
5417
4979
2669
1360
1844
3098
1612
497
2840
4611
5966
3633
1478
5507
1095
542
4729
4074
431
728
5384
4412
2561
1337
3606
2877
4415
1031
1110
1888
3550
1527
753
3049
2628
562
4764
3562
252
2516
2962
4453
5374
5396
1202
3462
2797
4225
144
5056
2895
2763
905
5192
3980
235
5157