4692
3969
2056
4080
2237
5701
1778
3612
2186
38
3340
3095
5480
4296
5589
5982
2394
2039
4109
895
5433
2745
2475
2326
3469
4179
2960
900
2005
3794
3974
5831
3434
1271
5027
927
778
1688
965
5083
2668
3817
1535
4493
525
638
5984
2317
3908
947
224
1534
3979
5723
2411
2429
1848
3150
2022
1681
4947
3686
1836
2661
5032
1064
5652
2095
1347
4929
5720
3658
3936
2150
5997
321
2470
5623
2634
3689
3882
3479
2977
3432
5998
2776
5307
5039
2814
172
1774
2607
2544
5627
3052
3683
3803
1926
5780
1604
3382
5323
2355
2948
533
2998
5431
2821
221
2351
4706
1837
1994
2678
1020
2120
756
130
2785
5586
1448
3169
1907
2902
628
3961
5707
5100
267
5328
3609
2636
2274
4825
1333
3266
4203
1307
2426
190
2619
2498
5017
238
5703
3661
1816
2344
3818
1050
422
954
2831
1446
959
3444
3431
5164
4357
1195
4486
2284
2967
4457
2532
1388
3017
1932
486
4600
784
3195
5223
193
5176
4976
973
4492
302
2530
3196
5756
3528
2928
4863
4998
5555
2233
5390
5633
2123
1523
1827
5781
534
2292
1855
4808
1199
872
3064
765
5403
4117
4912
3134
3921
4953
1911
2656
3991
2112
4710
3702
5890
2837
822
5526
5454
4096
5933
5641
141
5051
909
1004
3106
4699
3861
5260
921
662
2287
4018
4190
2234
2179
582
1962
3588
3708
1615
4969
558
5910
4617
468
4436
442
2549
3255
5135
4455
3080
1142
1087
4431
1731
5308
3942
1162
4364
634
3061
2437
1852
3623
2739
3445
5047
1387
459
3035
3415
2076
3779
3739
1204
4322
5386
825
1674
4873
5358
676
1518
336
5783
549
1669
5640
216
792
2752
1442
5401
4461
3294
4142
3865
3332
4567
4736
3249
4904
386
1685
1342
1742
703
3853
2506
2027
2589
2296
3105
2173
1810
5110
1915
305
33
3840
1892
745
1305
2812
3782
1261
1008
3950
1081
3429
3372
2049
429
3022
5448
5799
4916
679
5865
1364
4579
341
4221
4370
1512
5010
5815
783
4564
304
1661
5705
167
3508
1129
2815
3553
2705
2885
5612
16
1294
3879
3531
1304
5057
2298
5246
3073
4241
1988
3578
5543
1118
755
2997
428
4148
566
2939
5049
2570
5990
5385
2078
3769
2738
4572
5811
3884
2045
1701
2505
5651
5911
719
539
2943
4815
3162
2747
1035
2520
307
5025
1494
2586
4513
3563
1723
5378
1600
2289
4649
2110
1131
4402
3076
4245
132
4055
3876
4414
2842
4523
111
5771
4659
635
1253
2906
3074
3281
3514
2847
4164
1260
2978
4015
2894
5759
2659
2846
1007
403
4050
1526
2116
2168
3476
2952
5372
157
36
4248
5645
742
808
4125
1682
1241
3278
2942
5347
1657
3289
910
3826
2481
1605
1499
4803
1928
108
5486
5363
3811
5141
694
4762
3355
3349
3252
1138
1413
1673
456
5420
1628
1813
908
99
912
5449
2937
4612
5016
2389
4633
2973
3411
5330
3525
74
72
344
3590
4937
1649
5447
3240
3093
5624
770
3582
4538
1447
2820
1576
2255
2279
3180
3747
343
2556
4557
2365
5346
1593
1079
1678
4525
5683
44
1959
2694
3168
5267
335
5603
4236
4744
5846
4606
5569
2719
4026
3982
3753
3812
906
3315
5413
2912
5211
4684
5902
5886
3617
340
251
1188
187
5300
4284
115
2139
92
4273
5992
4315
1840
1285
4898
4291
4195
1384
5793
5208
2018
3752
482
1931
4625
1453
465
3059
4054
4879
2725
4428
171
1598
8
2907
4305
2727
3397
1080
5041
332
4995
1426
3474
5754
5245
3935
2680
1273
2132
794
4204
4507
5165
5477
4425
5962
4002
2390
3468
5758
5465
5464
2286
1955
2876
2303
3523
4609
3496
4269
3124
5474
573
5116
1441
2349
5048
1986
5184
614
5123
3090
5907
4965
177
4379
496
1805
3668
1227
1644
1143
3242
1964
2646
3483
353
2135
5706
4524
501
4820
2588
5554
649
4356
3535
1683
2257
5564
5779
2701
3107
4288
911
1780
4712
4632
5270
4936
4914
5605
4410
2252
2193
4082
142
3651
1725
992
106
5177
4272
3846
5343
1897
124
2032
3113
2803
1995
93
2249
5037
3534
3849
3310
2575
3313
1112
2786
1037
3379
3626
166
1233
5806
1234
1935
1377
2065
3675
5366
4393
1913
4656
2358
3891
1826
350
5426
5188
3279
748
5730
4283
1392
5334
5858
427
1060
2670
3642
3197
5988
346
495
4485
4320
5519
593
2755
5751
4464
3092
2321
4886
5646
5936
941
4845
2879
3087
3172
4795
103
4242
733
4157
5485
2201
1277
3023
5506
767
5028
2488
2188
2029
207
4226
4726
3650
246
151
3770
4935
4701
236
789
3016
5970
4954
1828
480
323
1956
5096
1686
2354
35
5529
4205
4078
2931
4685
1282
2444
2162
674
4313
4115
3924
4408
1114
5696
3218
1623
5861
2376
2430
447
2513
2578
4926
5859
3729
5504
2454
883
1057
510
2051
1899
5541
2813
4390
2421
192
4006
2229
2999
1357
4542
3954
791
5248
3788
3511
5189
3951
4974
4193
1779
3385
4233
5884
2889
877
4314
3402
4359
4962
5713
217
3262
2969
3687
592
858
1422
4087
3100
749
5892
5742
1404
1945
1710
713
2833
1047
5533
5903
4704
4108
37
5081
2908
3732
4381
2012
3875
1270
4816
40
4017
5075
2987
4144
4469
1206
3741
4643
3565
717
2329
1754
5407
2699
769
4738
4325
5397
2850
3636
208
1471
2930
17
569
3323
4672
5163
730
4516
5524
976
374
2359
3137
1575
852
5818
4177
4814
2385
4312
4351
3406
5265
553
4261
4429
4303
3862
159
1332
5788
2340
5503
3224
786
28
4856
5080
4930
988
4960
2304
554
1711
113
2901
751
1573
393
3463
1417
4867
602
3128
4192
4475
1370
1420
3645
5205
1930
1139
2487
4807
5297
104
5087
348
4541
5532
2605
2305
1566
5162
4655
5872
2925
5458
5629
39
4286
1217
2717
3295
1601
5460
4071
3179
4365
4098
5090
3297
2397
820
4734
2353
5227
4377
2129
4545
698
1584
1021
3618
435
2593
4265
2013
3378
1919
5517
4297
1922
899
2660
2856
5392
697
3417
1515
3274
4298
5035
82
5038
4058
2462
4462
3226
3722
3676
1408
3699
508
212
1829
5637
2724
3822
12
556
850
198
4057
3512
949
5592
5819
4640
119
205
318
439
861
4876
2753
2929
1609
3610
5388
1611
2824
362
4667
2445
1213
1437
3513
2576
3219
4021
5069
401
331
2000
4070
1330
2641
2383
5441
4276
724
4566
4719
3301
5213
1735
5700
5336
2718
2682
1814
1540
3245
4986
1757
79
5718
2851
1739
3928
2345
747
863
2858
3748
2364
536
957
1937
3568
5379
4304
2433
2867
3335
194
2316
1648
4852
1155
2414
972
2040
80
1056
2114
1978
854
1481
3832
2391
2787
2637
5106
1036
1078
3373
1231
4500
4737
5774
5649
301
2768
3571
5097
180
4853
1624
2954
5883
4178
1300
1395
5273
4337
2545
5809
4294
4532
4186
1456
4069
3183
2726
3078
4680
4004
1556
1242
3720
3616
3227
4308
5975
3316
3767
2415
795
2418
2557
226
1382
640
1262
3579
5063
4424
285
5114
1135
5844
1659
5451
5244
5853
4194
4901
3216
1
3477
5725
3735
1668
1783
4774
3446
4857
5901
4112
3317
1961
1043
1210
2281
575
827
2872
4654
2341
4075
4718
4560
3369
441
3857
1791
2331
4405
4777
2346
3480
3682
3933
4607
1881
3831
1366
2596
5829
3945
1560
4110
871
555
1246
1570
1717
2338
2591
4154
1144
2217
3489
1614
4908
4091
3138
13
3203
4183
4213
2175
4422
513
700
1503
4413
5760
3529
3447
3200
4307
2623
2539
5
2323
2088
2241
1381
3207
4594
4300
2198
3392
1767
5575
3351
670
369
1055
4584
2028
289
710
4068
5499
4741
4363
3276
5487
5906
4768
3507
2019
4548
4508
1335
256
1902
1421
1885
3237
1090
4152
3225
1794
584
2852
2232
48
2921
5058
2647
1034
743
689
1445
3632
1998
1093
4497
2446
4040
2878
3387
282
1334
2126
1352
577
3450
4546
262
3602
3896
1934
5128
782
2715
4896
4406
3934
4395
2849
2024
5029
3594
3211
5767
1256
5659
4172
126
364
2073
3866
2620
4066
1519
2697
4895
1698
2896
3671
935
1140
5598
4149
4894
1291
2008
547
4348
1313
993
761
206
1917
3541
4715
2677
560
1833
1122
4081
2311
4905
2026
32
5500
3419
3923
632
4155
4229
5416
2612
1001
2613
398
2981
322
366
2676
5198
5563
985
440
191
1891
3140
2404
5717
1477
1655
1410
3783
5704
54
3518
3600
4474
5834
3983
1443
1862
3104
2361
2972
4722
5287
3823
154
4784
5601
5139
5147
2489
421
3291
4637
4836
1653
3272
2071
5418
816
2166
3773
1789
2761
270
433
3040
3685
2624
5216
2334
1804
1432
250
990
1559
636
1569
1221
5925
919
1103
4806
2149
4570
2527
1149
3371
4751
4140
2388
4041
5146
5324
1495
4259
1068
5312
551
1396
5221
5888
3931
5142
1807
623
1610
2537
932
1990
1884
2382
4822
5351
5579
358
961
5855
2893
707
716
3277
1950
1607
4651
329
5864
2838
1298
1077
2320
1349
4514
5973
1400
5789
5745
3844
4627
1438
2053
3021
574
291
2631
1363
4522
3539
4095
3163
1070
4909
4137
2927
258
2750
4224
3662
2015
4993
4029
695
975
4535
1734
2679
4185
5943
5827
4495
4421
1434
5126
2947
4587
4045
538
361
2990